Point2D, [-9, -9]
Point2D, [-99, -99]
Point2D, [-999, -999]
Point2D, [3, 3]
Point2D, [23, 23]
Point2D, [123, 123]
Point3D, [-9, -9, -9]
Point3D, [-99, -99, -99]
Point3D, [-999, -999, -999]
Point3D, [3, 3, 3]
Point3D, [23, 23, 23]
Point3D, [123, 123, 123]
Line2D, [-9, -9], [-9, -9]
Line2D, [-99, -99], [-99, -99]
Line2D, [-999, -999], [-999, -999]
Line2D, [3, 3], [-999, -999]
Line2D, [999, 999], [-999, -999]
Line2D, [-999, -999], [3, 3]
Line3D, [-9, -9, -9], [-9, -9, -9]
Line3D, [-99, -99, -99], [-99, -99, -99]
Line3D, [-999, -999, -999], [-999, -999, -999]
Line3D, [3, 3, 3], [-999, -999, -999]
Line3D, [999, 999, 999], [-999, -999, -999]
Line3D, [-999, -999, -999], [3, 3, 3]
Line3D, [10, 10, 2], [10, 10, 9]
Line3D, [10, 10, 7], [10, 10, 12]
Line3D, [10, 10, 10], [10, 10, 7]
Line3D, [10, 10, 1], [5, 5, 5]
